cam_model: Pinhole
cam_width: 848
cam_height: 480
cam_fx: 417.7400817871094
cam_fy: 417.7400817871094
cam_cx: 420.2895202636719
cam_cy: 238.8986358642578
cam_d0: 0.0
cam_d1: 0.0 
cam_d2: 0.0 
cam_d3: 0.0 